41
78
28
91
9
27
94
68
-7
-30
-8
42
-39
-20
66
-77
91
-94
13
4
-37
-21
2
100
85
-22
-30
-89
48
-74
55
-12
-97
-18
-21
13
-92
-28
-20
2
42
72
-56
-98
-48
-91
-74
-58
-85
39
47
-21
-82
-51
-21
-98
28
49
-86
-24
76
69
64
80
-50
-57
-8
-41
16
72
62
-43
44
-94
-40
97
-85
-13
-62
-69
-75
86
10
-57
-66
89
-54
62
38
-40
-62
14
-72
-99
-6
-21
-55
86
39
61
58
1
-82
2
7
-21
-2
23
66
37
54
91
22
-36
-66
57
-47
-19
19
92
41
57
5
70
59
99
-51
-97
85
89
64
42
-11
82
-56
97
-39
42
19
-74
-22
-28
-83
-100
37
-49
57
91
33
-24
82
-27
-68
-13
-57
91
-15
-8
95
-30
-20
59
-88
70
41
-44
66
-99
98
-16
-73
-24
57
-56
-23
-6
-4
-66
-16
-72
10
-35
2
43
52
45
34
-63
-63
28
8
18
-13
20
-13
-73
76
-48
-72
74
37
-44
-50
-6
1
28
88
97
62
-29
-75
-28
36
28
-85
-12
-27
49
25
10
-23
-68
-72
64
53
15
92
29
68
-80
3
5
-24
53
99
77
-19
86
74
-58
-44
99
15
93
26
30
-20
100
-21
-95
9
56
-62
38
20
92
-48
12
20
-80
32
-78
25
-93
76
24
84
-44
10
58
-1
66
56
-86
59
-18
44
-61
-19
-77
-55
91
80
-17
28
0
-25
81
-89
95
-99
43
-84
27
50
93
-50
34
-51
60
-9
48
26
-53
63
-15
30
7
24
-89
30
69
-98
9
-48
30
-92
27
11
-81
22
12
63
38
-61
13
31
-11
-54
80
-51
38
28
76
86
-10
-40
15
97
84
27
26
53
29
-65
-95
-41
-57
32
70
-37
-47
-18
-75
92
21
39
23
-90
85
2
-41
23
-71
-65
8
20
-5
-77
16
-22
51
-58
-69
-21
-23
-64
38
21
69
8
84
-78
91
-91
-86
11
48
37
22
33
-61
82
-44
-31
-84
65
89
11
88
5
90
39
47
-80
-83
-77
-43
56
44
-74
-37
28
-52
-46
38
-37
65
-15
100
-13
-82
-61
-32
-26
8
-16
-62
-3
95
-74
-99
85
65
49
-95
83
72
-38
38
16
-12
-99
-57
37
-44
82
100
-80
-34
100
8
-15
-61
76
60
48
-40
99
-56
-46
-76
-54
-61
90
95
-56
73
67
6
11
-18
95
13
26
31
69
7
31
90
74
31
-3
-41
70
-28
-82
17
32
-84
61
87
-59
-93
-75
-69
-99
-30
-97
69
76
14
-50
71
-73
77
2
96
-16
-68
85
-42
63
-19
17
33
54
35
-51
-14
52
-91
-27
93
-83
-1
-76
-82
69
-73
87
45
42
-63
16
69
-86
-83
64
-2
-50
49
57
-87
-70
-27
46
85
-92
95
-30
61
-96
44
54
-79
-58
78
-60
-90
-96
-74
56
47
-36
-29
15
-21
-12
-21
78
39
-72
34
52
-42
-93
-3
-58
-84
-8
13
77
-4
-44
30
17
-2
7
57
9
12
84
-35
-41
-52
36
75
27
-76
-46
4
63
-18
-63
14
41
-55
-89
84
-39
3
-4
-62
99
53
68
16
-49
-25
-28
60
88
-44
-76
-54
4
61
-80
-70
85
-26
35
48
57
73
-39
-3
-83
-27
-20
-21
76
77
17
75
29
-15
-10
80
60
63
40
48
-82
64
95
23
25
-85
54
10
-11
-12
-43
-54
-40
18
43
-22
91
-77
57
67
100
-27
41
28
58
-70
7
18
93
-54
-34
-89
-90
-40
34
35
-25
-13
-56
65
75
1
-90
-65
-81
54
13
-90
77
-30
77
76
43
18
3
1
48
-90
-81
41
-44
-15
52
-34
45
-15
-99
-80
72
-54
85
47
48
96
82
68
49
-5
79
25
65
56
0
8
-27
-97
-91
-79
-87
-72
62
-31
14
13
36
-42
99
38
-21
70
85
-36
17
32
-41
-1
0
-93
95
-22
33
60
-67
-68
-33
7
-64
-23
28
-51
5
-11
19
-82
-98
-45
-23
-100
94
57
71
78
-80
-13
10
-21
87
-91
-13
81
-12
-81
40
22
-48
-93
-72
-12
-16
56
38
90
-56
-43
-92
-53
12
-15
-53
5
-58
-82
-17
-38
5
93
41
-8
-98
-72
-28
-10
-53
-89
-89
0
-81
-60
88
3
96
26
-8
-60
83
1
-13
-6
87
35
100
-72
53
-18
-10
-42
-25
-69
50
-23
-41
-79
68
7
-67
80
-94
-48
-81
95
56
-85
20
-52
-45
3
49
43
98
35
-23
97
63
-71
-21
-47
-13
55
-16
-63
-69
44
-41
100
-50
-8
79
-43
45
99
-48
1
-87
72
49
-31
-26
-2
-89
-28
-68
-11
-31
95
18
48
-52
-95
2
32
-58
34
-24
1
34
26
94
13
84
39
11
-65
-60
25
-93
89
95
-18
-14
-95
54
19
-5
-78
14
-88
71
62
-82
-27
-6
-40
-93
70
62
41
-4
56
-47
-21
-5
65
14
35
-10
22
24
-16
-97
-90
-10
57
29
85
80
-57
98
50
-96
-85
-78
-2
-24
-70
-33
-62
71
63
95
-76
-58
-11
90
57
-76
-20
-22
48
65
-19
58
-46
-62
-13
-61
-83
30
-63
68
35
-48
91
-67
29
-80
1
67
92
-36
61
-85
6
-50
-95
-38
-26
-15
40
-79
-51
-79
80
4
-40
-33
43
-22
98
80
-55
32
-68
-65
66
62
-44
-34
28
-53
30
-11
-37
-65
40
-32
-2
-87
53
-62
-65
-98
-40
-85
6
20
-18
-51
98
-20
-71
-57
-88
-39
-21
78
-78
35
-57
51
82
74
-60
-56
-91
80
12
7
94
-35
46
-71
-33
-95
-56
74
25
27
-78
23
-94
-49
66
-82
13
-56
96
36
79
-61
-13
61
-87
27
-95
-78
7
18
30
1
83
-25
30
-50
-19
74
-76
-95
0
-54
29
7
-2
-6
25
-89
39
21
48
18
61
-66
-22
74
61
-17
96
-32
-99
25
69
84
-100
-2
-66
-19
-28
-42
-13
72
5
-85
-21
-97
10
-97
-85
-51
24
63
67
-16
97
-55
-42
58
29
-47
-74
30
79
95
14
80
-7
48
-40
65
-94
48
37
12
63
-85
16
-27
-82
31
22
43
-7
-11
-73
-10
34
-15
-52
-38
39
-26
92
17
-32
5
-4
61
-47
57
26
-40
4
-38
72
-33
-23
-13
41
-4
-82
-37
-62
12
52
-34
-99
-15
52
-51
47
-10
23
39
-93
92
-56
4
53
-3
-40
-22
57
65
40
29
-68
-83
-85
73
13
-66
-65
52
46
87
-83
48
-28
69
98
-81
-41
20
58
-34
12
-99
70
-35
-1
-70
43
-44
96
-17
85
-73
0
-100
100
-87
-66
-65
65
81
-78
82
28
-6
51
25
13
-91
-55
-29
-25
58
-27
-55
-78
72
-24
65
-72
-29
-52
-88
-2
49
-88
-2
62
-53
33
26
-73
55
7
56
-51
-42
-20
62
-33
25
-67
43
-18
6
88
5
-22
-36
-31
6
35
18
18
-68
-34
31
31
-73
79
-36
54
-95
-81
-39
61
-32
19
-59
-70
86
67
-37
28
-51
69
16
54
-53
80
-77
53
15
41
-30
48
-93
-99
-22
-65
80
42
89
86
61
-51
47
-71
68
88
-41
53
54
23
-19
-98
-8
98
56
39
77
80
-9
-9
20
62
-62
27
63
17
62
43
-42
50
28
-81
100
-26
-52
67
-38
8
20
-84
-70
-100
-82
22
98
75
-40
75
55
52
-34
-26
13
5
-99
-24
-79
64
-82
-20
14
47
0
13
-80
49
-21
-17
-44
99
-1
-13
100
18
-92
98
-7
-31
72
-53
-80
-62
21
33
43
23
-91
65
-14
-73
-55
100
74
45
13
95
-6
92
-23
50
91
76
-64
90
-7
-55
87
86
14
59
-67
34
97
54
-33
40
-24
-24
4
63
4
49
63
-22
-6
-25
-28
88
-34
50
38
-43
26
75
-53
-81
-81
-66
-95
33
93
-62
-33
90
92
35
29
-32
-89
-68
-69
16
82
94
94
-24
-32
-34
-37
35
-85
-99
92
42
76
-61
61
95
-27
66
28
-35
-97
96
-46
96
30
83
-37
42
-85
-5
-43
98
-12
-49
-27
56
17
36
-9
33
38
-17
-26
13
22
-66
7
95
-100
-65
-41
-97
-70
14
99
61
-3
-38
3
12
57
60
10
-56
-89
83
-100
28
19
-8
-39
-44
75
36
69
-4
71
-24
-10
71
11
50
74
42
-37
73
3
61
-66
-95
-27
92
66
83
-65
77
65
-64
5
-17
28
67
39
3
2
8
99
-28
84
-12
-58
-5
-62
-84
-63
2
89
40
-38
-77
46
35
-86
11
17
-50
-12
-19
-13
93
65
-86
59
4
17
-40
-89
16
33
96
-96
76
-9
-58
92
28
44
81
-32
-94
-97
-87
41
-82
24
-42
-32
-89
39
55
-96
4
70
63
-93
-13
-77
-81
-98
56
-86
-94
32
6
-51
23
-67
94
4
1
100
7
15
40
26
-61
98
94
-49
37
49
-45
-60
18
-82
-52
-95
-58
-33
-93
99
-18
-86
30
88
-36
-48
-79
-43
56
23
-44
-37
-63
96
90
-24
94
83
28
30
32
83
71
-50
-99
-81
-45
-57
-13
-38
-59
69
-23
71
57
41
-77
78
98
80
1
-47
-57
38
-51
-68
-86
-58
-85
42
73
47
25
44
97
26
63
-48
70
-51
14
-89
-82
92
82
76
32
-95
54
30
86
-46
84
-72
92
-68
-39
-94
-25
-24
49
-52
-77
-27
92
-80
100
55
-28
70
-96
87
81
-77
78
63
99
10
68
52
-60
53
-95
-77
82
98
-44
-58
-96
32
19
53
80
42
-74
72
63
-74
26
-65
96
30
-79
76
54
100
38
52
10
5
4
50
-42
10
74
-61
7
-71
-18
12
61
-100
-36
41
43
-10
12
5
16
-63
40
12
68
62
-13
21
62
-76
-27
-29
30
77
-80
89
-14
94
-73
94
-77
10
5
85
10
70
25
-48
-40
-64
58
77
-27
-2
-12
-59
-40
75
62
-79
100
-66
-8
30
-89
13
18
-3
7
46
-9
30
-45
96
14
65
65
-61
-83
-76
-25
76
-100
49
-26
-12
90
34
-37
52
55
-38
87
-53
92
98
60
10
-5
-33
-45
86
98
10
81
12
-25
46
51
-7
71
-75
-32
71
74
43
-41
63
-24
23
15
-69
86
1
-22
78
-2
-62
-13
93
5
42
79
2
-48
59
-87
28
5
64
-80
-25
89
-11
-55
63
-69
5
26
8
-73
-60
39
-87
41
-84
91
-61
-46
-23
-68
60
-81
-90
-39
-28
70
-25
100
-26
-62
-80
49
-73
9
95
90
41
0
16
-52
28
56
87
41
-4
-97
31
36
-42
-92
68
-83
-73
78
-21
-1
47
54
-1
-80
93
19
70
-81
-72
64
-91
70
-37
25
-83
92
-19
-96
32
77
-92
-38
13
-33
-30
-20
-16
-2
-43
64
97
-96
18
-5
-75
10
-86
95
30
-58
59
40
-89
-78
-35
-71
-87
46
-66
45
23
-58
-93
-65
9
-23
15
94
75
73
58
72
77
-25
-33
-99
86
-19
97
15
24
55
-45
35
78
20
65
91
-35
99
35
89
-60
42
-77
50
-81
39
43
95
11
1
67
-12
76
-67
-10
61
15
-14
-24
-62
-59
32
74
-82
-49
38
-91
17
36
44
5
77
-14
29
26
6
-33
-31
1
78
70
-33
-34
46
1
56
7
-85
-58
83
-46
-16
14
-73
2
66
66
11
-17
1
-45
88
-23
42
17
-97
-53
84
-28
49
62
-58
-85
-73
88
16
84
-6
32
-75
-23
86
9
92
-87
-89
58
79
23
-60
-20
79
-72
58
20
45
61
68
28
-67
17
-11
-25
32
17
-37
-52
0
58
81
26
-66
67
-65
-74
80
-54
84
59
70
-77
-62
48
-49
96
-32
96
56
-64
24
90
53
-87
-35
-15
30
28
34
-70
-15
14
57
20
-20
92
46
-41
-62
30
-83
-92
54
-44
57
-95
-49
-76
-99
-94
-39
25
97
-86
38
-39
0
-32
89
-67
-1
-26
48
-45
94
-73
-53
40
-13
-15
-30
5
-6
-77
61
-50
-72
-88
-25
-71
-81
37
55
-85
51
-8
-24
-49
61
-36
-15
-41
39
-68
15
33
-40
63
-27
48
-52
43
-48
42
67
-87
92
95
-75
-34
-76
-56
-98
79
-41
54
-29
35
-96
-68
100
-10
-8
39
22
-93
-29
83
70
44
30
-83
-13
83
59
-47
96
51
-52
-79
-84
-28
-35
-81
-49
25
73
23
-40
78
55
-40
-32
-53
99
91
-46
-30
73
-77
-87
3
-59
1
-15
-100
54
-19
51
-99
2
68
-26
68
87
26
-8
60
-51
53
38
-96
-88
-94
-49
-89
97
5
-19
69
29
-5
-29
70
96
57
70
49
-63
20
51
39
-12
-75
7
-26
52
100
-66
-100
52
73
-96
65
79
-45
77
75
61
-43
44
-10
53
-85
-41
48
72
-71
-3
-92
50
-52
48
-63
-27
-46
12
-76
-47
47
-75
-95
19
-71
70
-2
-15
47
-28
-54
-97
-84
36
56
-69
96
4
-97
-76
-99
-88
74
-51
60
-89
23
-86
23
47
-32
-31
72
-27
89
-99
-57
-14
-14
90
59
33
94
75
-32
50
-94
-37
-47
-91
-12
-46
-79
-39
3
82
-27
-75
96
96
73
-37
-35
45
37
-46
47
81
40
-68
70
-2
66
64
-27
-67
13
-21
-3
67
-12
85
-80
10
-54
24
-9
19
50
-14
15
23
50
80
-32
-13
-67
-86
-33
74
-53
-63
-28
-88
-100
45
-55
14
-77
43
-20
12
28
1
-79
74
-76
12
-7
75
99
-93
-3
48
88
65
-65
-79
80
2
95
-74
39
-33
-62
40
-89
-16
-47
-65
-74
34
48
54
-66
70
28
-42
-19
-80
-67
-20
-73
31
-72
-86
-4
-37
-64
-25
65
-69
1
4
-2
39
-56
10
-78
-2
46
-52
-69
-7
-98
-35
-38
30
24
44
50
57
-77
78
-12
-48
93
84
15
-72
-42
-20
-41
59
84
57
-3
-72
-33
20
26
-88
69
58
5
71
-78
68
1
47
12
-49
3
35
-72
91
87
-80
75
2
-51
-68
82
9
91
66
-35
-12
94
33
-92
20
45
77
-23
-50
48
0
-82
-51
-54
30
0
50
-35
28
41
-48
49
15
54
99
47
35
7
38
1
73
-74
-5
5
-66
-86
-51
-89
-8
0
60
92
18
-92
-63
-53
8
88
12
-64
28
64
86
-58
18
84
89
-47
-10
27
54
-37
53
-51
68
88
-37
-83
100
56
17
59
47
-65
68
85
-18
-25
72
95
12
-1
59
-2
42
-24
-19
31
30
72
-43
-17
-66
-90
32
-98
99
96
-81
99
51
37
57
-2
72
24
-17
-46
100
-45
-51
12
55
-93
-91
-4
-16
-9
-74
-87
-38
-16
-3
-3
-5
-71
-1
-7
-75
19
-8
76
-45
-52
-26
-73
73
58
-18
73
-88
31
-16
67
39
-6
-37
-77
85
-10
-63
-54
74
34
44
-31
64
-58
63
89
61
-46
65
-84
3
-62
-56
-25
97
26
-52
-92
-44
33
76
96
-74
-61
-82
-90
29
-45
-43
3
90
-100
73
53
-57
35
41
-97
89
5
-80
-9
44
-36
67
40
90
-85
49
-54
48
25
-58
74
64
-40
85
-7
16
-59
97
5
-59
69
-43
-16
4
99
-12
-8
3
9
84
-53
73
51
88
63
66
36
-92
13
-39
-50
-13
-75
11
-29
18
-74
13
15
32
55
-17
90
-61
87
88
27
-21
-9
-65
-37
39
-92
-87
26
71
80
-38
80
-7
23
-70
80
48
42
-49
-35
69
64
80
0
18
-37
-10
58
-50
-22
-16
29
69
20
92
8
29
-95
-67
0
86
-5
-21
-22
-83
10
-42
65
-49
10
-70
-81
-27
-90
20
92
-26
-91
49
24
-13
-67
-48
-44
54
-56
64
-17
-51
98
83
-66
-8
-39
13
10
72
71
-26
-78
-20
5
-58
54
16
62
46
90
72
-5
13
-41
29
65
16
-17
-91
-20
66
-41
-23
48
-7
70
-91
-94
-21
81
78
54
-98
-43
-42
-55
-89
74
-93
58
64
80
-47
-24
-62
83
-59
55
-35
-50
-66
-69
9
12
79
-98
-19
89
-92
61
69
86
14
72
-57
73
-84
-45
46
-76
-87
10
-97
-34
86
-58
-51
-74
97
14
-23
-69
45
86
44
24
89
-75
12
98
86
-19
83
-1
-48
-74
-29
-31
-18
-83
-7
-5
27
-3
62
13
39
-90
39
36
25
-84
68
-31
-98
11
94
91
37
6
88
22
87
71
-79
-61
98
-7
9
-21
11
-98
75
-63
-1
36
51
-62
47
-10
74
-29
6
42
41
8
-47
34
-2
90
-61
-14
12
-74
-43
33
-35
-46
-75
74
34
36
76
8
74
-25
-56
25
13
91
-86
-13
-39
20
-72
-99
-72
-19
35
26
-29
75
-88
83
-99
-31
15
-34
24
41
-60
-43
-23
-84
65
-49
-9
-92
76
-96
99
91
-9
-40
10
20
-39
38
-100
97
-36
-29
71
-23
-46
72
46
69
-62
-31
10
-21
27
88
-4
-8
-62
88
0
-86
92
-1
-96
-18
59
15
-98
-80
-47
-98
-84
18
-26
87
95
28
59
40
-3
98
-91
-93
-24
37
95
72
-72
-67
59
29
-52
51
-73
-48
-67
87
68
-65
-93
-79
-63
-77
39
12
-90
33
-60
69
-27
37
67
-17
44
-58
-81
39
-86
-53
72
73
76
-81
24
-97
-28
57
91
-60
92
98
-39
-71
-80
100
41
-69
33
81
100
-95
18
67
-11
-38
-92
8
-99
-78
55
73
96
31
93
20
34
-35
-24
25
6
-33
22
67
-3
43
67
-63
74
0
-82
74
5
37
40
94
99
49
2
100
72
-43
73
68
88
66
-13
22
-69
63
-53
37
-70
69
4
27
12
-29
65
-15
71
83
-41
-24
19
100
-30
18
48
72
17
19
-71
-10
-14
-84
-45
73
39
-14
36
86
-77
66
55
28
-7
-34
99
-43
52
70
-61
-89
-55
59
-90
16
-24
58
-12
94
-23
17
-17
63
34
39
36
-27
-75
-29
-42
-52
-63
-87
76
30
-20
75
87
-68
44
-74
-57
90
86
-46
5
-38
-89
94
-45
-12
10
39
-49
-56
-22
87
17
3
-42
76
52
-5
89
28
-75
-31
3
-89
1
-54
-62
45
-64
-77
99
41
-14
-91
34
41
-2
-56
-20
49
-12
58
36
-96
-39
94
81
-87
-11
70
42
14
-62
-56
26
39
-10
65
-16
27
89
-18
-33
-26
-8
-99
-85
90
-55
-5
39
34
-47
-26
39
15
-32
19
28
58
-12
-31
-29
27
14
98
-34
-96
62
50
31
50
-69
98
-77
23
100
-62
13
-55
34
-49
79
88
26
18
2
95
-63
-70
52
26
0
-77
-48
-87
-80
18
-83
83
-32
48
32
0
46
56
-77
45
95
37
90
29
89
69
16
14
-14
-83
9
24
-52
-40
-51
48
-16
1
61
4
-81
78
-13
-12
25
-81
88
-30
75
-89
-85
70
48
-95
-2
36
74
-86
-50
-40
-69
59
84
-20
-81
-67
-73
3
34
88
-93
54
66
-6
-58
-9
13
-70
62
-12
-59
77
-42
89
82
56
24
56
70
75
-85
-99
33
100
-19
53
-68
9
-45
67
-4
-37
21
-38
57
63
53
-30
93
14
59
-66
-9
-84
-78
-28
73
47
-73
43
21
-57
45
-46
-58
-74
-94
-25
35
-38
-59
-69
25
63
-6
-18
25
-54
52
18
61
11
52
-49
28
75
24
1
22
51
-57
-57
94
89
-3
-64
-85
4
11
50
66
53
82
-10
15
-25
72
-60
22
24
58
-18
-65
10
34
63
-16
-43
-37
-95
-92
7
-52
-98
-5
46
-62
10
-51
50
-40
-86
3
-58
5
-83
18
-23
-42
-61
-100
-85
22
-64
26
-45
99
-91
13
-38
-85
21
70
-37
23
-35
-91
62
75
-42
12
-65
-27
-86
-22
78
-68
96
-46
-10
-66
-45
6
56
-8
-69
-89
-9
-60
24
53
-44
-55
22
20
68
87
29
30
62
87
-59
98
-40
-45
-25
-63
-13
-30
-8
77
5
48
-18
-39
-61
13
-28
30
54
97
-18
-91
-59
-96
29
-91
92
-42
39
54
-56
80
52
5
-66
-74
42
22
-3
-66
-2
-98
82
81
-37
-80
-7
36
50
-53
32
-68
-44
74
-64
86
83
-72
-57
21
82
-12
1
34
93
36
61
35
-43
-43
69
55
-41
50
35
23
70
-72
-42
20
-25
90
52
32
63
88
18
46
-84
61
-33
98
-51
68
32
-58
3
-8
77
60
49
46
15
-92
-5
-50
31
-35
-22
89
85
54
79
36
-14
42
24
-97
-13
40
65
54
38
-87
21
-31
-45
-76
61
-68
85
10
78
-1
18
-27
50
-51
38
-73
-62
23
82
-84
-41
-33
58
83
-30
-55
22
-66
99
-40
-52
20
29
4
44
-10
36
28
100
14
-73
18
87
77
68
25
-96
-95
-52
86
-78
7
-47
81
-11
24
-75
-89
59
-77
-28
-94
43
-99
10
-13
-9
-54
-85
-9
61
-58
-91
48
-81
78
-27
-76
83
21
-90
-95
-72
-37
86
18
87
-89
30
45
-66
-99
52
78
-97
-38
-36
-6
9
-20
86
-31
23
96
-83
42
73
-10
66
56
-89
76
61
-61
-61
47
58
-75
58
-13
71
93
-11
22
70
-8
84
-66
87
-7
14
72
62
-64
68
80
79
40
-30
44
-5
-19
20
-45
21
59
-99
-21
85
60
66
55
52
-46
-23
21
47
-39
56
33
54
-30
5
16
7
-28
-4
-15
-89
66
-71
6
-53
50
62
68
8
64
-54
-7
23
-88
-52
-26
-33
25
96
-87
87
52
47
41
-79
-49
-43
28
24
53
-87
35
18
-58
-59
66
92
-97
33
0
67
80
93
-10
93
-60
65
-41
66
60
-27
53
12
-81
-7
33
-29
51
-39
95
3
-26
30
-79
17
72
87
9
75
20
-92
42
0
-99
-68
-8
-58
97
52
-93
57
-75
61
-32
-56
-46
-99
16
-96
-38
11
8
37
-59
30
-47
-88
17
62
88
-63
71
30
38
72
62
-71
-87
59
82
-79
15
-94
82
83
-49
-64
84
68
-60
-54
-22
49
83
20
-21
-65
33
96
98
20
-67
68
-50
71
39
-88
-100
52
71
82
74
-14
89
55
-32
-60
91
-48
-93
-69
-2
-14
81
-19
-95
-41
17
38
-45
14
-42
-11
-19
9
-41
-80
21
-41
72
-8
-59
46
78
-70
0
-54
-30
-9
-2
-23
23
97
64
4
-23
69
63
95
7
-82
8
65
7
89
-27
67
-92
95
-75
81
-14
-33
26
-37
-3
-74
9
67
18
-93
-56
-60
-97
-93
44
-19
77
7
-25
-17
26
84
-53
-68
73
21
99
81
15
-76
62
-100
-9
-12
-36
89
14
73
55
-69
80
99
-28
84
-94
-84
-35
83
24
41
-34
-51
25
14
-18
-3
-66
-19
-23
50
5
-61
51
97
27
-86
85
-59
88
40
-28
68
39
45
52
45
62
-84
28
-15
58
94
35
-18
7
-84
79
42
-2
-44
-9
-98
-4
-59
100
-78
-45
85
-37
-58
24
36
-90
-37
-19
62
-93
-58
79
36
27
36
29
-38
-82
-64
-22
98
78
76
-46
-31
79
50
10
79
72
66
64
-65
-92
-13
71
-82
50
-49
80
58
-6
58
-7
-79
-6
-78
-17
12
-42
62
10
-64
37
64
5
16
13
-85
-5
-15
81
-42
20
89
46
-9
-93
-4
43
87
-47
-64
45
47
-43
-62
70
40
51
-72
1
-39
-36
-62
-76
70
55
38
85
-51
-77
65
7
44
54
-47
-66
61
49
77
48
-98
-88
-7
50
-31
32
19
-91
-18
47
10
44
-89
48
68
81
3
6
66
52
29
30
-41
-28
-16
12
7
-55
-40
-17
94
-37
-4
-14
-88
66
-83
32
75
0
-22
-15
-57
-10
-67
-89
-29
36
17
-64
-13
-54
67
47
19
-50
-42
-74
-4
19
9
-11
82
-95
75
95
71
93
26
46
-8
-96
-70
35
-6
-37
46
66
100
-37
-99
-14
10
69
-67
-71
-81
-9
-45
15
-90
65
-97
93
71
79
87
42
71
13
-13
-37
17
18
98
-89
82
44
77
81
-93
79
-33
18
47
0
48
66
92
-97
-19
-99
68
-15
94
38
-37
81
-21
-66
-7
67
-2
-90
-16
-4
-78
-34
-60
100
-54
-52
78
14
66
25
-86
14
-9
-95
17
72
-94
-16
-43
-100
-78
20
81
2
55
-26
-31
-48
-16
54
49
6
-81
89
5
-34
-64
-17
80
-98
-92
94
16
-1
100
-68
-29
-94
17
28
-94
40
-52
88
-59
-97
-38
11
-44
47
-36
-96
-47
-17
93
59
50
-71
-59
29
-69
-50
23
47
49
22
79
-80
28
-4
49
35
-65
97
23
-24
-100
85
88
-44
31
-49
-40
84
35
-47
42
-16
-18
84
-88
13
-67
36
-40
83
-42
-61
-97
87
35
52
21
70
48
-56
-54
48
-72
-67
-96
60
-16
-35
44
-82
18
-15
2
-100
-31
15
14
3
-49
74
-15
9
-88
-12
-5
47
-61
-84
16
88
-39
62
36
-10
95
40
-51
-21
-95
93
-3
23
-22
100
24
47
15
-63
-50
66
-89
35
-25
-77
-77
71
71
-37
88
-14
-50
-52
-52
87
38
-57
27
87
22
32
80
-81
-45
-42
-81
79
-95
35
-85
-45
0
-74
90
76
-50
-87
46
-80
-24
34
7
26
82
56
13
20
99
-61
7
21
71
-14
41
-74
45
61
-96
50
-5
-80
-96
96
-53
95
71
-2
-93
17
18
-17
-50
-75
-91
-68
81
22
52
80
62
-42
1
33
45
-59
59
-11
-98
64
-62
-3
84
-57
-8
-70
-63
-37
29
-56
80
-54
28
-70
-28
37
-38
-48
-41
-86
-68
-80
-27
33
54
-83
75
12
6
77
-25
45
-26
-41
88
67
-10
-75
-71
-82
-31
-91
-36
98
-61
37
34
2
89
94
17
-79
-86
90
55
68
-94
29
-21
13
6
55
-42
81
-87
-55
47
3
-29
76
21
40
86
86
38
-76
22
-28
27
11
-35
-57
33
-21
-68
-13
-53
-61
-84
26
53
23
-19
-90
3
-5
-44
-50
98
27
-75
19
-33
-89
5
-96
-64
-73
-24
63
38
42
-94
-30
-80
-61
58
-33
-21
74
94
-69
-3
-25
-59
100
70
-3
-51
68
-77
-25
-14
-9
-14
92
-5
23
-82
72
-15
56
13
-8
-74
34
31
85
-100
-91
58
95
-59
-46
-30
-18
-46
-61
80
4
-94
-98
80
-7
-7
-34
-16
89
89
2
60
-26
-42
-28
66
-15
-95
-3
-31
-94
7
-73
-99
48
-18
-29
-70
36
11
-91
-60
17
-88
-81
-90
5
-14
-6
-6
-26
97
-46
49
-46
26
14
39
32
-89
-93
39
19
-66
41
-33
16
-88
-3
-48
23
6
-7
-60
18
13
-50
-77
99
45
18
-27
41
72
-79
96
-2
36
35
-70
47
43
69
-35
78
10
33
-6
22
-71
46
-55
35
-61
-15
-47
52
36
-23
50
-20
95
-78
-79
66
-57
-83
-37
80
52
-7
26
-6
-38
92
-29
73
24
66
-6
54
12
40
-12
51
-76
42
2
61
-82
-48
-59
-88
-26
-38
79
18
-20
-58
-2
-69
35
-77
26
98
-85
98
70
40
63
-36
-7
-26
-97
82
-76
-72
23
27
89
42
79
-70
55
-47
-8
33
72
73
75
-31
-97
10
-7
30
8
8
28
-23
-53
-10
42
40
65
46
22
90
75
-56
16
64
87
-5
94
41
48
-14
-26
20
-42
-51
90
-38
60
-18
92
-33
90
19
45
-63
-91
-14
78
74
-68
-1
63
-94
44
-21
71
30
75
64
-29
22
-51
45
-58
7
95
-69
69
54
13
61
-80
3
-20
65
41
-11
-49
18
-37
-17
-83
-74
-10
62
5
-40
-9
-21
-76
62
-99
-27
7
-56
81
1
-25
50
-46
89
11
-25
-9
91
-61
-68
-21
-9
51
42
75
68
68
-36
29
-27
25
-80
53
49
83
55
-78
-10
99
-98
91
-27
53
-55
-39
-37
20
53
-47
60
85
33
-50
35
-25
-76
3
-57
-12
-68
16
-87
-48
-31
63
-66
-77
85
25
-79
88
15
-5
40
61
57
-97
-20
10
-44
-61
-6
90
-10
-71
-36
14
32
7
-98
65
-77
-85
-84
-8
78
-49
16
63
76
37
51
-9
-68
-10
-49
89
-6
32
-2
51
72
93
40
-39
-78
-96
75
55
11
77
19
35
93
36
-74
71
87
42
34
63
-21
-16
-47
11
75
4
0
-32
-64
99
-82
-93
92
59
-32
-87
63
-57
69
-26
-80
-13
-92
-88
-78
-66
84
-91
77
17
72
-45
-99
-76
67
76
29
-34
-57
65
-35
-38
73
-44
-80
-60
-30
84
-16
-62
-43
4
26
-35
17
49
0
0
58
-24
-83
29
32
-82
54
-2
94
-18
65
-63
-53
-70
0
-80
-13
21
-39
57
4
45
96
62
-52
22
-73
65
-30
27
-35
-73
-97
-18
56
35
1
9
-67
-5
92
98
33
-61
-73
-68
-41
14
54
21
-29
-42
-35
-33
-81
14
89
-54
-22
-42
74
44
-14
77
-74
-59
11
27
51
44
-78
43
42
55
83
70
88
-59
-16
42
62
56
100
-73
-78
-81
41
-89
-34
-81
-30
-61
63
56
-84
90
98
28
17
48
-28
39
-9
-87
-6
-27
84
-18
15
-33
-77
-23
-78
-78
5
-55
-58
-55
-44
8
-36
26
48
-73
-18
64
-83
-21
-9
34
-73
64
-27
18
77
67
92
60
-51
7
-73
-28
84
-50
-5
-12
-5
37
34
52
-55
99
-22
94
-74
60
57
-57
-61
-52
78
-34
-89
-50
85
89
-83
76
49
-34
-18
76
38
-34
-74
-67
55
21
71
-12
-27
-85
-13
51
-92
13
11
66
57
50
-86
34
-85
-74
84
100
-85
-100
76
64
-34
-42
40
-96
25
66
-63
-21
-13
-92
68
60
-76
-45
11
-67
68
-79
99
24
71
-87
-43
87
-61
-60
87
-45
-59
63
-82
7
-80
59
12
46
25
50
-75
-89
58
94
72
82
-52
-18
-86
-84
4
-87
40
-26
-74
98
-39
-34
-62
-52
21
-21
-90
40
87
-69
-2
-2
77
-77
-52
-98
-66
-95
96
-94
88
-57
-12
-99
-41
92
-85
100
-34
-59
98
28
8
-65
76
-71
15
86
69
2
-83
-33
-100
94
-10
-52
96
25
-47
92
31
-59
-65
-81
-58
-5
-89
-42
-6
-22
0
-8
-94
-93
27
82
-64
-58
68
-95
44
85
-27
44
79
64
92
75
-12
-55
66
-81
-14
-99
-61
29
-4
-49
87
91
29
-14
-18
35
-6
-92
17
31
-49
-15
37
95
-30
-91
38
-52
73
30
-77
-39
76
90
-19
-38
91
20
92
-14
71
78
-24
0
-36
58
-65
59
67
53
-11
-82
-63
-75
-88
7
-65
51
56
-93
-19
79
-31
-44
68
50
18
59
-30
10
-55
-59
-13
21
42
52
-21
77
10
-54
30
100
-36
67
-75
-23
-26
-40
-73
-70
-32
9
-92
37
65
77
-13
-17
36
57
93
81
98
-20
1
39
-68
81
16
43
-73
-55
42
-9
-88
67
69
-13
-73
96
17
-5
5
26
-69
-31
3
18
53
-62
-25
46
-82
-28
-74
20
-89
-42
1
27
-99
28
73
43
-82
86
10
87
-28
37
83
90
-69
-13
15
-37
57
-83
82
10
-44
-44
-44
-26
29
-18
95
40
41
-5
-33
42
-78
-60
-15
-59
-75
96
-72
-2
32
-90
-12
64
-2
-97
-73
-45
-79
-91
65
-23
-35
-79
51
95
4
45
35
-56
-60
-99
87
-38
-58
-28
3
-32
-33
31
66
100
42
-46
64
-60
-43
91
-5
-22
-100
-40
55
-35
-19
6
-40
85
-49
95
-71
-9
96
-84
53
-62
-12
-44
6
56
87
-28
55
29
26
19
69
83
10
-37
-40
10
23
-85
76
-96
21
-65
90
72
-71
-82
-37
-75
-65
-85
-37
23
-29
69
-21
-42
-60
-66
87
66
53
55
48
-38
-82
-92
72
41
-77
47
46
44
83
35
16
-89
53
79
-64
89
95
-1
11
-35
-32
91
24
8
-76
10
-27
77
-35
-79
-62
-17
-71
-90
-76
-47
58
70
98
40
5
13
52
-42
-9
88
-54
-15
-13
58
51
55
48
-25
-38
72
86
36
48
-50
58
87
34
88
97
59
-60
54
28
-63
-6
-67
51
-55
-9
-58
-67
37
28
20
-6
-21
-25
-59
54
38
-88
39
-27
61
90
-69
47
24
-82
43
-18
-41
-3
-90
-3
92
-57
-53
-64
34
-11
-31
-30
-83
90
65
-4
-36
-95
-51
-99
-82
89
-25
79
78
6
25
1
24
-32
83
83
66
93
-20
57
-64
27
94
70
-84
-38
-60
-67
-48
-96
29
16
-90
79
18
-71
67
93
-93
44
-2
33
-55
-78
-99
-73
-95
68
-80
-15
24
-44
-89
17
-74
-72
80
-34
-39
-68
-29
91
48
-18
69
-35
11
35
-43
19
-22
56
-48
24
78
-46
51
83
-79
72
-33
45
-72
-21
-38
-46
7
-58
21
69
-26
93
59
-78
-26
27
-12
86
-39
45
4
40
1
57
-37
-22
-90
-86
-39
-69
87
29
77
-86
-93
-61
-31
15
-18
91
-17
56
84
-59
79
-42
68
-34
-57
-71
-89
48
69
12
4
-68
91
14
-53
-49
45
-67
80
22
-52
88
61
17
2
-58
8
85
99
-9
-74
77
49
95
-57
93
-77
-46
40
93
67
-57
-75
57
57
-28
-93
2
5
88
-76
53
75
85
-30
-23
-73
79
-38
-75
-31
-12
-98
-82
-17
-55
-90
7
0
51
-1
-34
94
25
-78
51
97
-70
-47
1
-82
-23
-46
93
-38
25
-30
-11
3
32
15
73
-80
17
92
3
63
-98
-91
-38
53
9
28
46
-67
51
-3
-70
82
51
32
100
-73
86
93
-10
10
-38
79
-87
94
-7
86
-87
-90
77
17
74
79
27
-65
32
-65
64
-22
-31
15
75
-1
-4
25
-70
-5
53
-84
-13
-58
27
50
-79
40
43
15
26
57
25
2
-26
-2
-19
-100
34
-88
-64
-2
-10
5
-88
-35
-96
8
91
-65
-97
43
-48
-9
86
79
-60
-94
19
84
21
-56
41
-54
47
-86
44
-72
-85
-22
-59
-49
76
32
57
89
97
61
-4
88
97
0
30
-52
91
16
-73
-70
22
47
-87
-58
91
54
-12
38
69
-68
67
84
11
-92
-66
-13
40
91
-25
37
52
72
24
48
-29
-46
97
-39
70
-77
-9
-9
70
5
34
61
-41
-78
-1
-73
-45
-35
-90
66
-26
-55
-48
-87
-64
27
50
88
-2
-26
35
70
28
32
-70
-3
55
21
89
25
-74
23
-15
-15
45
84
13
100
-51
23
65
23
69
-83
37
-96
45
-13
92
-57
61
27
-88
-12
-42
-58
86
-87
64
75
38
90
-3
-77
-25
-59
-93
88
-59
-43
11
-95
80
-21
-77
17
-16
68
-97
-24
-90
64
-97
-78
-48
-39
-35
-63
-25
-72
-88
-87
-82
9
-64
-7
51
-57
-19
92
0
92
98
-20
-29
-80
97
56
88
100
-69
99
64
-66
-79
-85
-4
-14
-47
71
15
-35
84
33
75
-80
-74
25
-37
8
16
64
0
13
-57
72
34
-60
27
22
-60
58
20
-96
92
42
-81
-12
-73
-27
-41
43
39
-57
-24
13
-37
3
-62
27
-90
55
-10
10
-33
34
-18
-99
74
-92
23
-86
66
-58
-82
58
84
-62
-54
-89
11
5
55
-50
48
-70
64
-90
33
-99
37
44
56
-73
-46
-77
61
36
-76
35
44
47
49
10
90
68
-32
74
-95
14
86
17
-81
40
68
67
71
31
78
3
33
14
-54
-11
42
1
12
2
-64
37
-63
80
-16
87
-10
-26
54
59
-53
60
-28
-67
-23
-9
73
-56
-42
44
75
-65
-54
8
50
-7
97
-9
94
9
94
-70
-55
-70
-90
30
-84
0
-97
71
-42
-49
31
31
-16
-93
-78
-43
-49
-20
-100
-74
15
-53
34
-35
41
30
56
35
-61
49
65
-16
79
75
-86
96
-25
-83
67
34
-31
-3
-36
53
4
-13
-90
55
67
-89
82
-18
-42
15
47
100
-55
3
34
-16
-49
-1
69
-70
-26
83
-75
49
-100
92
-18
-31
-11
47
-78
93
-67
-67
48
-100
-56
29
-18
3
-56
-71
2
-11
32
-64
73
83
35
42
-87
-92
25
-62
58
25
-70
-60
95
19
87
-83
12
-81
-50
-41
-81
-5
89
2
99
-68
31
1
22
-37
37
-5
-54
-28
-64
-41
-19
61
-2
-62
-14
28
-22
-20
-53
-36
-2
60
-16
49
-81
4
-57
-93
-95
-58
-60
37
43
62
-100
-21
-44
-54
52
-8
6
-68
-47
-97
-29
39
32
50
-81
80
-86
18
39
-2
-34
58
-98
10
65
-93
52
-95
45
-6
67
45
74
-77
92
26
16
-3
58
69
1
-71
8
-68
79
27
-89
93
-56
50
-9
11
7
-7
-80
-28
1
73
-23
-55
-34
-56
91
-60
-33
83
66
83
-20
24
52
81
54
-41
-88
32
87
-76
25
-70
74
-85
42
-19
9
62
54
-91
34
-69
-45
-100
-24
-54
-59
43
-72
-93
26
8
31
-23
-12
-15
37
1
-84
23
25
42
54
-1
57
-5
81
-35
-43
34
-25
92
66
30
92
-59
76
-68
85
-96
-61
11
12
71
89
100
-44
25
1
-28
-52
-75
-86
-98
24
71
-3
4
-64
55
-62
12
46
-96
-58
37
-54
-83
70
-70
-79
-91
41
34
81
29
34
-64
-46
-66
9
2
-41
23
4
84
-6
-99
-12
31
56
26
-58
2
31
-16
-61
77
2
-92
-94
24
-82
48
-43
99
-23
91
-65
32
-75
44
-67
-16
-34
38
-33
61
40
56
-9
-4
-18
34
98
-88
-83
-64
89
20
-55
96
-57
-37
44
1
-38
-80
-8
-3
52
17
-60
86
-100
7
24
-32
-33
-37
-77
59
60
6
-8
58
18
10
94
7
-71
-61
2
-27
2
-55
75
64
-34
-34
-39
-83
83
1
-97
84
-92
27
-49
-24
91
-25
-66
50
81
26
7
-1
-64
1
-95
-34
40
7
39
-58
53
13
-94
-81
80
-33
-64
62
69
-60
45
78
68
97
-47
58
-28
-13
8
-47
-87
-85
52
-51
17
58
15
-43
-35
-46
0
-82
68
6
-63
47
74
-26
9
43
14
-46
20
-19
-50
73
-61
23
-40
48
77
-27
64
29
23
-19
-14
-62
38
51
-7
-62
69
-40
44
-95
-93
18
-21
17
-39
94
71
81
-25
-79
54
15
44
-87
-38
20
-13
-74
-51
-91
7
35
-53
-55
-14
40
-17
-46
-100
-73
-40
-92
46
40
25
-94
33
-5
88
-92
16
42
23
-40
56
85
81
-58
-89
-71
-49
19
65
-1
64
-50
-62
-53
5
-61
-25
65
-53
-80
5
72
-73
-62
-33
-85
-54
83
57
69
-57
12
54
-77
55
65
-47
-94
-17
-83
5
-53
-33
44
-5
72
84
70
37
-70
91
-58
-98
-83
-20
-31
-68
27
-48
90
-5
-5
2
-52
19
-43
-87
72
-37
-3
90
69
45
-44
12
-61
-72
-4
-92
66
26
99
-92
28
-84
-12
97
-51
-85
-52
-62
10
44
41
59
-38
98
73
-66
-39
-31
-77
-71
-87
-21
42
-48
8
-63
-39
-26
63
-41
-18
-9
-25
71
-12
24
86
37
63
-5
-20
4
-46
42
2
-74
76
63
-5
100
92
9
-21
34
62
87
71
-78
-40
34
-19
43
-75
57
13
13
-19
-2
-51
-56
94
30
48
-53
-29
-51
-26
-53
-88
70
-54
-97
-22
26
37
-61
12
8
-38
73
-59
43
16
-34
0
-72
80
82
27
-72
-75
20
58
74
68
-71
-77
-58
-23
-65
-89
24
-62
-10
-51
76
30
62
-17
92
35
25
35
-50
91
-66
-22
70
-84
-95
99
-59
26
57
-85
-7
87
-62
36
-36
-27
47
89
12
-63
-62
-12
67
100
72
59
34
-4
-7
85
-13
28
-37
-44
44
-32
-45
86
94
-88
-100
-13
99
-61
-78
-38
13
70
-49
-76
-93
-11
13
74
-12
-16
32
-78
80
-75
-94
-34
53
-31
23
-4
38
79
-19
31
91
-18
-82
89
21
-60
-49
-67
-90
3
-42
-83
92
71
92
-21
-45
24
2
-66
49
9
1
1
79
-77
97
16
-98
-22
-53
93
60
-35
82
-19
6
-67
14
17
36
73
34
27
44
26
-94
99
-51
8
-67
98
-83
34
-2
96
58
-5
12
60
73
59
52
33
-76
34
-87
31
67
28
-53
2
0
82
-72
-56
7
-65
-58
56
43
-25
54
61
-91
-49
56
68
47
-33
27
20
-74
-21
-48
-50
-88
-34
81
79
95
-72
-19
-5
-91
10
39
17
45
82
-28
-12
-44
-74
-52
-34
-22
-97
-67
-76
-29
61
44
-3
-61
97
48
-48
-38
29
-69
-43
57
12
52
66
-78
-10
-18
67
-29
55
-45
28
82
3
95
-41
7
-73
-17
79
88
-73
-25
-73
-77
-77
-21
-14
52
10
43
8
-78
-6
-26
-56
85
57
-89
-44
12
-34
85
-7
70
79
52
-24
-94
-65
-45
94
-38
31
-79
-15
54
0
72
5
-90
14
-87
-68
-92
-12
-23
93
-56
-12
-51
57
54
-67
-51
24
-88
-99
-100
-82
-64
-45
-88
-1
86
-67
84
39
33
55
-56
44
-31
-42
77
-23
46
-47
-30
91
41
20
47
-5
53
97
-82
65
99
-82
84
-65
-27
96
34
-41
-72
18
98
62
-27
-58
5
42
0
-19
-81
-54
35
-10
-64
-25
-91
84
71
63
81
90
28
79
-92
11
-86
-18
7
48
41
35
-35
39
-3
39
81
-98
-19
-19
-17
0
28
-83
91
65
-7
-100
48
-36
64
29
-47
-9
7
-39
-98
21
43
10
-31
-16
-56
35
-78
42
-27
-97
44
54
-15
-73
-46
-88
-55
-55
77
38
-55
25
-98
-92
-47
-45
0
60
17
3
-19
-40
-88
51
44
-43
-15
66
99
59
69
43
13
-47
70
68
-34
-86
-88
-58
53
-42
67
55
-34
-81
-90
67
80
27
-30
-39
87
-17
-89
31
40
-3
-3
39
-44
-35
-18
70
19
-49
37
85
-35
50
-73
-83
-93
95
72
-26
-87
82
-60
94
9
11
-45
-4
94
-33
-74
34
64
23
-27
-80
89
55
90
8
-95
27
-7
-29
-24
20
-12
-17
15
-40
57
29
-58
98
22
51
8
77
-54
2
-57
-27
-65
-93
96
8
-72
85
-38
-83
-8
-32
45
86
39
-80
6
-74
4
-80
-13
-40
49
29
-42
-30
-21
67
-53
26
-32
-9
99
3
-1
95
-90
27
79
-27
44
-29
41
-12
-44
-20
9
62
7
-88
83
94
-27
31
22
31
-100
-99
-3
-52
27
65
39
26
-32
-63
20
-21
65
-1
52
8
71
-7
97
-73
74
6
90
-20
18
72
-27
91
2
96
22
3
98
-82
52
24
84
-9
-51
-49
28
70
31
-8
-32
-18
-100
-61
76
98
-34
49
3
-45
-71
-79
-73
3
-88
30
-2
34
-68
-4
53
84
-81
37
-26
-31
89
-98
-62
19
-5
7
-99
-4
46
77
-6
-88
26
97
-32
56
-82
-5
-42
-70
-76
57
64
-43
-48
17
-59
-28
-47
15
41
-59
18
79
61
-87
-14
62
9
-68
39
-98
-56
-35
100
12
-80
-82
-93
-22
-52
-68
-65
-88
-11
-13
29
30
60
83
-55
0
-76
64
-21
85
77
65
46
-14
97
-16
-11
-59
49
-11
54
70
7
61
-52
55
93
-17
68
-19
71
-3
-89
30
-21
-43
-71
3
-80
9
-13
97
-26
-68
-17
-30
17
72
12
-34
-40
-35
-65
67
-75
-17
22
-82
67
-11
0
37
86
11
-33
-35
69
-3
68
89
-95
-45
86
-21
-12
-32
50
-96
-61
-39
-29
0
26
6
-34
52
90
89
71
56
-22
-30
-7
-37
82
60
29
50
-44
-3
39
-39
52
24
40
-61
92
-10
-56
-69
51
15
31
-23
-79
98
-71
-90
86
100
66
-37
-30
-42
27
-48
-83
-45
-98
-26
53
41
35
4
-36
-25
43
-44
65
88
-13
16
2
-82
94
23
-85
-78
33
-99
-78
-1
-35
-7
58
92
45
76
-53
47
-51
100
-13
85
4
52
-41
-53
-93
-76
-66
-5
40
37
13
33
-40
29
56
94
31
78
-8
96
-29
-50
88
-85
-75
-65
63
-25
-65
-50
-41
39
-99
19
86
-91
43
-80
5
-17
57
-83
-85
-84
47
72
-90
-23
50
2
-28
-80
52
-41
-65
78
-6
99
-48
29
-52
12
-32
-50
-70
-46
-40
73
-26
65
-44
-69
82
-29
-52
29
-57
-42
-95
93
61
-22
-88
13
37
-52
-9
-69
-53
44
61
-5
-45
-71
46
-15
-17
-95
-42
58
70
14
90
52
86
-62
-20
-71
-3
-15
-79
-43
63
-66
71
0
-18
-39
32
29
-96
-8
-76
-40
21
70
46
-96
75
-96
62
45
18
51
-4
4
90
76
33
-14
-40
55
44
-77
89
14
23
-29
76
-46
100
81
47
-76
-60
-32
95
86
-28
70
90
-67
14
8
85
-91
-88
74
85
46
-40
-55
0
-97
-32
-12
18
92
59
-7
-54
59
-26
94
84
14
-39
78
0
33
47
-10
67
-40
99
52
-31
-90
26
-46
56
86
-1
-44
89
68
44
7
60
3
100
-95
-39
-26
100
-56
88
-40
-78
-12
94
69
78
61
-72
76
12
-2
87
-63
52
43
-77
-49
99
-88
-82
42
19
78
-55
19
84
6
93
83
51
80
-57
74
-32
-64
42
-54
97
71
-79
8
-32
-92
46
-80
51
69
-29
49
81
-10
-9
-1
-33
36
-83
-49
-58
-90
-67
94
90
-24
67
-42
13
8
4
9
-21
26
-83
48
34
64
68
-15
32
-61
-67
13
29
25
-88
97
-40
-70
-53
3
-60
-19
-4
-70
57
-38
-12
-30
71
92
79
-51
18
96
98
-49
59
65
36
-9
-96
70
-96
34
-6
-84
30
55
-54
78
-43
-14
-42
54
16
-85
-84
-97
-15
87
96
-37
-64
13
-41
-67
65
-82
99
1
10
-97
-29
14
37
65
30
-34
20
77
-57
78
-38
2
31
79
17
47
83
-98
34
78
-34
71
-9
26
-96
-45
45
-98
56
-46
-95
-74
69
43
92
-1
-92
12
-25
-48
-10
37
55
-80
16
-29
68
-2
-26
2
-25
40
-28
66
-35
-24
-79
-91
-21
78
-36
-15
-96
-68
-73
97
31
-64
9
-95
-12
99
43
-58
-81
-42
14
87
56
89
-11
-69
28
61
98
93
-63
-81
-98
16
97
-34
-100
-99
-2
-72
98
-71
-36
6
-65
53
4
78
96
23
-64
10
10
93
-2
99
-76
-75
60
-79
-82
97
-60
-80
13
-63
-13
14
-62
86
42
-65
-86
-95
42
-50
59
-54
-73
54
70
-36
-37
-21
-43
61
-22
-19
87
-63
3
-96
-66
43
-75
47
81
13
-40
-82
-2
-98
-46
13
-92
96
63
67
-58
91
20
-89
-46
84
-9
12
45
69
93
31
-94
-5
36
-59
-62
62
89
-82
-26
-51
-64
72
-49
-9
-15
-41
-13
-53
-75
29
-63
46
41
-8
29
-69
-97
-27
-100
97
-96
-93
-9
40
-52
30
1
-64
48
75
-15
85
47
36
-24
-69
96
63
-21
-80
-8
16
66
-68
-92
-6
-37
-88
68
-37
-92
72
-30
0
11
19
-71
-88
55
78
88
-60
62
35
77
-62
66
72
-100
-56
92
-8
61
58
24
69
-49
88
81
-81
-49
90
91
21
-11
2
-61
18
14
95
-4
2
-66
-42
-64
-89
-4
-98
83
-4
-53
74
89
-93
31
13
77
83
0
58
-98
51
47
93
-28
-64
-6
12
55
-92
7
-50
11
42
8
47
53
-97
50
35
0
97
9
-11
-96
-60
-99
81
-77
2
39
-75
-47
-14
-83
26
22
12
-63
-24
21
45
26
-69
-14
-66
79
-62
-63
28
74
38
24
-17
-74
28
23
-72
9
46
30
-52
71
83
34
89
8
-45
0
46
32
-79
-10
-42
-47
77
-8
-69
-85
30
59
90
-33
-17
-28
-6
-89
95
22
21
41
-49
69
11
-66
3
0
43
59
-100
-11
-10
-79
80
49
-26
56
-60
6
72
70
-35
61
-63
48
-68
31
60
-73
-47
-19
68
5
-51
-21
39
53
79
-18
11
79
72
-99
-100
51
50
-26
7
91
80
-22
61
-56
-61
98
93
-28
29
53
-1
83
-67
-34
-13
-17
46
-74
-65
24
9
47
3
-20
49
3
-69
-2
78
38
-11
58
-84
-51
-98
-44
-53
95
28
77
48
-74
59
81
-7
-55
-36
-62
-28
-1
63
81
-54
-35
-40
95
68
-9
-7
45
-71
82
2
-54
-69
4
2
-22
-1
-71
-46
-54
-45
-87
-73
49
-41
-9
87
31
91
49
12
-63
-86
72
-69
82
-37
25
27
-7
7
-71
39
38
34
-59
-85
-67
-30
-30
-21
26
-16
7
-26
43
99
-39
-27
89
-90
85
-75
-76
57
-43
-94
-80
83
33
14
-11
63
-47
-74
-4
-6
-58
29
65
12
-92
-10
96
16
65
39
14
-74
-88
2
-64
98
28
-40
55
86
-34
75
68
100
-11
-44
63
42
-17
-42
-64
25
88
-99
-63
97
-8
-67
12
-44
72
-75
-17
84
27
19
81
-45
80
35
-60
-55
10
-92
-55
100
-36
-93
42
47
-34
79
-28
-47
80
9
-50
-29
43
62
28
14
87
-90
-2
14
29
-21
69
9
-86
-91
55
25
-83
100
24
-18
-93
-34
-71
-27
-56
2
27
-77
-90
77
-5
54
38
-78
-32
25
-67
66
-62
63
-55
-93
-29
-40
-83
-75
85
-66
-76
9
17
-68
75
47
5
-82
-52
-68
-58
-41
-91
37
-88
47
60
-20
-29
93
-54
10
55
-8
17
-75
52
35
-50
37
70
-25
-55
-14
7
-81
-67
-88
-62
-19
-56
-19
40
-47
-83
53
-100
78
-67
-28
70
-20
82
24
72
-1
50
24
-67
100
-40
-98
-26
5
-11
82
25
22
94
64
-97
-63
-56
44
-9
-38
-4
-9
-61
30
64
-92
-91
46
33
82
-56
-18
5
-22
-18
65
-19
56
-30
71
38
95
-8
31
59
-5
69
-98
-62
-41
-35
35
51
5
-36
15
13
-26
-40
-54
-45
5
28
60
84
-90
24
-36
66
94
-66
4
89
27
-66
47
-78
-98
50
-40
-38
-85
96
-87
20
-40
28
-67
34
89
-21
89
-7
-93
48
-24
-83
-28
41
84
-34
76
-13
-45
2
22
-98
24
25
52
85
87
68
81
-100
-13
-60
29
20
74
17
100
62
-91
-94
10
-14
-76
83
-73
-92
-52
-98
-4
4
5
-83
6
-71
42
-42
-86
29
-75
95
29
12
-66
-43
-69
-92
75
-69
71
85
-63
-20
-30
-38
-37
-2
-29
11
0
67
-85
-96
84
21
-66
26
79
-52
-46
-97
-58
84
15
-23
-59
47
-15
-85
78
-45
100
-85
36
-30
-22
99
68
49
10
-32
15
25
-27
-1
-55
7
-76
-76
55
-21
-73
98
-38
43
-25
4
-10
61
19
-33
-84
19
-17
52
90
61
51
57
10
-40
-76
-76
86
-3
24
-69
-96
48
-45
60
-73
-17
58
-11
-75
-68
93
15
93
12
83
-91
-69
-34
61
-80
-74
12
77
37
72
-99
61
58
-1
-15
89
4
-68
-56
-37
-41
27
-80
49
53
-47
42
-32
-54
-46
-50
-45
-15
16
-84
5
43
28
-18
-21
0
-16
-60
-43
83
25
-54
-13
58
-10
50
-83
-84
71
66
69
-77
8
-63
-31
62
-13
25
-54
-97
41
52
47
-32
-66
-75
69
18
-34
-75
1
91
-29
88
49
61
38
66
78
8
31
47
32
-62
84
-99
-100
-29
26
-53
-26
-34
99
-80
35
-68
-54
3
51
12
29
-49
3
100
-62
-49
61
76
-84
39
-16
48
-15
-85
87
-31
-84
88
40
42
-66
-86
-92
-68
-65
44
-35
-19
-53
-85
94
76
-34
-4
76
5
48
37
-19
65
-24
65
12
61
81
-1
-70
97
-14
70
39
20
85
48
53
-81
-9
-83
1
39
-67
-6
15
0
91
-9
-95
38
-72
-14
2
4
-49
-86
-36
-69
