21942
26588
5308
6774
23184
30902
56590
13604
4985
1306
47211
15826
13970
2
28761
35703
8039
7862
14959
624
5075
20052
2068
41371
4036
10687
15577
30874
34516
15945
52118
17347
5522
71402
29853
36303
6643
733
18506
27533
3165
13936
10368
65677
1927
5577
15700
6923
26413
1894
12470
9988
2572
37716
22381
1045
36190
10934
1
13668
32380
29650
9341
53558
41659
7239
12476
37931
38707
23796
123456
253
3450
29618
1819
20610
413
25388
1539
19539
13670
18987
2681
9979
628
71002
31324
96658
11191
10909
30615
40304
13418
89682
13323
19614
14487
24764
14314
2010
36213
106093
11470
33684
52370
115379
842
23626
33122
850
2992
28289
21471
25959
233
20911
17235
2502
68
7341
67282
33354
52538
49211
35413
15921
54994
28022
3505
1804
3825
21284
4630
40526
21705
26530
52634
18043
102501
43994
27666
30473
29321
6846
53474
11414
18998
6405
22704
4244
14989
2835
49051
37309
46242
3537
41941
6839
23245
38093
19626
8287
7368
90028
106629
6910
35820
16996
15516
8412
32969
53840
2957
10173
56557
12665
1023
15998
5783
62272
41178
701
8125
28114
14756
49385
23393
617
3463
16448
8132
8790
48562
43723
48547
18216
16132
26110
13436
47303
22050
15354
7634
9038
210
50149
19156
5097
8314
38156
16226
40668
55293
16483
12387
3936
6333
66292
10340
1366
59848
48479
61548
19030
41441
10609
56330
22818
5763
3047
2040
11632
5746
9819
8409
3652
4280
43250
20814
2398
11892
68180
37758
4066
4562
12895
26964
3896
6125
47104
19023
14503
9563
11350
1307
0
