16
721167211456774240375117234709049733812945991142412581
6796
393833307138424980932329852096035715182079
3024
72316096332080044851
158919402155
7751
56416683464087886414857721173551
20922327696752158024565595121757588781594053674873761123846695349
3175710172797942741396254337881375361999727795386558250835854078
81506380
2089419525922124168163529713270180539242222751536520302042466833
2126355915162122
10538679269599091087356913954885437579603494876055406658385767
389050088992904315288363
47129518176582711033388621068438891711529427437648604917621554022495224848888549





